  1   1.008   H  -259  -253      0.09  13.598 
  2   4.003  He  -272  -269      0.18  24.587 
  3   6.941  Li   180  1347      0.53   5.392 
  4   9.012  Be  1278  2970      1.85   9.323 
  5  10.811   B  2300  2550      2.34   8.298 
  6  12.011   C  3500  4827      2.26  11.260 
  7  14.007   N  -210  -196      1.25  14.534 
  8  15.999   O  -218  -183      1.43  13.618 
  9  18.998   F  -220  -188      1.70  17.423 
 10  20.180  Ne  -249  -246      0.90  21.564 
 11  22.990  Na    98   883      0.97   5.139 
 12  24.305  Mg   639  1090      1.74   7.646 
 13  26.982  Al   660  2467      2.70   5.986 
 14  28.085  Si  1410  2355      2.33   8.152 
 15  30.974   P    44   280      1.82  10.487 
 16  32.065   S   113   445      2.07  10.360 
 17  35.453  Cl  -101   -35      3.21  12.968 
 18  39.948  Ar  -189  -186      1.78  15.760 
 19  39.098   K    64   774      0.86   4.341 
 20  40.078  Ca   839  1484      1.55   6.113 
 21  44.956  Sc  1539  2832      2.99   6.561 
 22  47.867  Ti  1660  3287      4.54   6.828 
 23  50.941   V  1890  3380      6.11   6.746 
 24  51.996  Cr  1857  2672      7.19   6.766 
 25  54.938  Mn  1245  1962      7.43   7.434 
 26  55.845  Fe  1535  2750      7.87   7.902 
 27  58.933  Co  1495  2870      8.90   7.881 
 28  58.693  Ni  1453  2732      8.90   7.640 
 29  63.546  Cu  1083  2567      8.96   7.726 
 30  65.390  Zn   420   907      7.13   9.394 
 31  69.723  Ga    30  2403      5.91   5.999 
 32  72.640  Ge   937  2830      5.32   7.899 
 33  74.922  As    81   613      5.72   9.789 
 34  78.960  Se   217   685      4.79   9.752 
 35  79.904  Br    -7    59      3.12  11.814 
 36  83.800  Kr  -157  -153      3.75  14.000 
 37  85.468  Rb    39   688      1.63   4.177 
 38  87.620  Sr   769  1384      2.54   5.695 
 39  88.906   Y  1523  3337      4.47   6.217 
 40  91.224  Zr  1852  4377      6.51   6.634 
 41  92.906  Nb  2468  4927      8.57   6.759 
 42  95.940  Mo  2617  4612     10.22   7.092 
 43  98.000  Tc  2200  4877     11.50   7.280 
 44 101.070  Ru  2250  3900     12.37   7.361 
 45 102.905  Rh  1966  3727     12.41   7.459 
 46 106.420  Pd  1552  2927     12.02   8.337 
 47 107.868  Ag   962  2212     10.50   7.576 
 48 112.411  Cd   321   765      8.65   8.994 
 49 114.818  In   157  2000      7.31   5.786 
 50 118.710  Sn   232  2270      7.31   7.344 
 51 121.760  Sb   630  1750      6.68   8.608 
 52 127.600  Te   449   990      6.24   9.010 
 53 126.904   I   114   184      4.93  10.451 
 54 131.293  Xe  -112  -108      5.90  12.130 
 55 132.905  Cs    29   678      1.87   3.894 
 56 137.327  Ba   725  1140      3.59   5.212 
 57 138.905  La   920  3469      6.15   5.577 
 58 140.116  Ce   795  3257      6.77   5.539 
 59 140.907  Pr   935  3127      6.77   5.473 
 60 144.240  Nd  1010  3127      7.01   5.525 
 61 145.000  Pm  1100  3000      7.30   5.582 
 62 150.360  Sm  1072  1900      7.52   5.644 
 63 151.964  Eu   822  1597      5.24   5.670 
 64 157.250  Gd  1311  3233      7.90   6.150 
 65 158.925  Tb  1360  3041      8.23   5.864 
 66 162.500  Dy  1412  2562      8.55   5.939 
 67 164.930  Ho  1470  2720      8.80   6.021 
 68 167.259  Er  1522  2510      9.07   6.108 
 69 168.934  Tm  1545  1727      9.32   6.184 
 70 173.040  Yb   824  1466      6.90   6.254 
 71 174.967  Lu  1656  3315      9.84   5.426 
 72 178.490  Hf  2150  5400     13.31   6.825 
 73 180.947  Ta  2996  5425     16.65   7.550 
 74 183.840   W  3410  5660     19.35   7.864 
 75 186.207  Re  3180  5627     21.04   7.833 
 76 190.230  Os  3045  5027     22.60   8.438 
 77 192.217  Ir  2410  4527     22.40   8.967 
 78 195.078  Pt  1772  3827     21.45   8.959 
 79 196.966  Au  1064  2807     19.32   9.226 
 80 200.590  Hg   -39   357     13.55  10.438 
 81 204.383  Tl   303  1457     11.85   6.108 
 82 207.200  Pb   327  1740     11.35   7.417 
 83 208.980  Bi   271  1560      9.75   7.286 
 84 209.000  Po   254   962      9.30   8.417 
 85 210.000  At   302   337  99999.00   9.300 
 86 222.000  Rn   -71   -62      9.73  10.748 
 87 223.000  Fr    27   677  99999.00   4.073 
 88 226.000  Ra   700  1737      5.50   5.278 
 89 227.000  Ac  1050  3200     10.07   5.170 
 90 232.038  Th  1750  4790     11.72   6.307 
 91 231.035  Pa  1568 99999     15.40   5.890 
 92 238.028   U  1132  3818     18.95   6.194 
