Adams           815148	43	54	64	46	71
Broadhead	      715454	42	50	68	54	41
Cambridge	      342633	63	47	52	69	91
Carter		       69509	68	41	71	69	72
Chung		        258099	45	48	76	67	84
Coates		      843289	88	63	80	56	71
Davenport	      775558	45	45	61	66	76
Eades		        249321	33	58	65	69	79
Elliott		      416448	47	46	83	62	64
Fisher		      399668	62	48	34	68	43
Fowkes		      385782	67	47	36	50	40
Gershwin	      857374	58	60	39	40	67
Hulme		        735631	74	55	36	58	84
Ibbotson	      963600	87	42	38	64	45
James		        603244	48	65	43	67	65
Keithley	      100339	34	51	33	42	71
Knowles		      991892	85	58	81	60	87
Lamb		        236086	88	59	56	52	75
Martin		      796152	63	51	71	44	68
Moore		         67691	54	52	60	45	60
Neave		        523085	72	52	35	65	48
Osset		        911908	63	64	38	57	91
Parker		      855590	30	43	84	40	71
Peters		      482501	43	51	50	63	91
Prior		         99114	50	45	39	68	61
Querrell	        6483	45	57	37	43	55
Raine		        422299	65	54	85	68	36
Reeve		        792668	39	66	30	49	92
Soames		      872119	85	51	53	68	72
Tideswell	      597470	45	69	38	44	48
Tippett		      295195	39	66	40	68	60
Underwood	      996504	58	46	58	60	42
Vale		        369326	65	48	68	60	50
Wickens		      716834	42	54	48	53	93  
